Rk	G	Date	Age	Tm		Opp		GS	MP	FG	FGA	FG%	3P	3PA	3P%	FT	FTA	FT%	ORB	DRB	TRB	AST	STL	BLK	TOV	PF	PTS	GmSc	+/-
1	1	10/19/2017	28-341	OKC		NYK	W (+21)	1	33:18:00	7	12	0.583	0	1	0	7	10	0.7	2	8	10	16	0	1	7	4	21	21.3	29
2	2	10/21/2017	28-343	OKC	@	UTA	L (-9)	1	36:01:00	2	11	0.182	1	5	0.2	1	4	0.25	2	11	13	9	2	0	7	2	6	3.1	-18
3	3	10/22/2017	28-344	OKC		MIN	L (-2)	1	36:31:00	12	24	0.5	5	8	0.625	2	4	0.5	0	5	5	10	0	1	2	0	31	25.4	-17
4	4	10/25/2017	28-347	OKC		IND	W (+18)	1	35:09:00	10	18	0.556	2	4	0.5	6	10	0.6	1	9	10	16	3	0	7	3	28	27.2	27
5	5	10/27/2017	28-349	OKC	@	MIN	L (-3)	1	36:46:00	10	18	0.556	1	3	0.333	6	8	0.75	1	7	8	9	2	0	8	5	27	18.7	-13
6	6	10/28/2017	28-350	OKC	@	CHI	W (+32)	1	28:25:00	5	13	0.385	0	2	0	2	3	0.667	2	11	13	13	2	0	2	2	12	17.5	26
7	7	10/31/2017	28-353	OKC	@	MIL	W (+19)	1	26:35:00	5	12	0.417	0	2	0	2	3	0.667	1	9	10	10	0	0	4	2	12	10.8	13
8	8	11/3/2017	28-356	OKC		BOS	L (-7)	1	37:46:00	7	20	0.35	3	7	0.429	2	2	1	1	5	6	11	1	0	6	5	19	10.7	-7
9	9	11/5/2017	28-358	OKC	@	POR	L (-4)	1	35:39:00	10	25	0.4	3	10	0.3	2	7	0.286	0	6	6	9	2	0	2	4	25	16	-15
10	10	11/7/2017	28-360	OKC	@	SAC	L (-8)	1	36:35:00	7	21	0.333	2	8	0.25	4	5	0.8	0	12	12	6	3	0	7	2	20	10.7	4
11	11	11/9/2017	28-362	OKC	@	DEN	L (-8)	1	35:24:00	6	22	0.273	1	6	0.167	0	3	0	4	3	7	5	3	0	3	2	13	5.2	-9
12	12	11/10/2017	28-363	OKC		LAC	W (+9)	1	33:55:00	8	16	0.5	1	3	0.333	5	6	0.833	1	2	3	8	3	0	4	3	22	18.3	19
13	13	11/12/2017	29-000	OKC		DAL	W (+13)	1	32:41:00	6	18	0.333	3	5	0.6	12	13	0.923	0	6	6	5	3	0	4	2	27	19.9	14
14	14	11/15/2017	29-003	OKC		CHI	W (+13)	1	31:53:00	6	13	0.462	2	5	0.4	7	7	1	0	5	5	7	4	0	4	3	21	19.5	18
15	15	11/17/2017	29-005	OKC	@	SAS	L (-3)	1	37:50:00	5	22	0.227	0	4	0	5	5	1	3	6	9	9	0	0	2	3	15	8.6	0
16	16	11/20/2017	29-008	OKC	@	NOP	L (-7)	1	38:37:00	6	19	0.316	2	7	0.286	8	10	0.8	3	13	16	12	3	0	3	3	22	23.5	9
17	17	11/22/2017	29-010	OKC		GSW	W (+17)	1	36:56:00	13	27	0.481	1	4	0.25	7	8	0.875	2	8	10	9	4	0	6	2	34	27.2	17
18	18	11/24/2017	29-012	OKC		DET	L (-1)	1	39:02:00	10	29	0.345	1	10	0.1	6	7	0.857	1	10	11	11	3	0	5	2	27	18.9	0
19	19	11/25/2017	29-013	OKC	@	DAL	L (-16)	1	39:33:00	9	19	0.474	4	8	0.5	6	9	0.667	1	11	12	9	1	0	4	2	28	23.6	-2
20	20	11/29/2017	29-017	OKC	@	ORL	L (-13)	1	37:47:00	11	23	0.478	7	10	0.7	8	12	0.667	4	7	11	5	5	0	7	3	37	28.9	-5
21	21	12/1/2017	29-019	OKC		MIN	W (+4)	1	36:51:00	6	21	0.286	0	8	0	3	4	0.75	4	5	9	14	2	0	7	2	15	10.6	-3
22	22	12/3/2017	29-021	OKC		SAS	W (+3)	1	38:31:00	9	22	0.409	2	2	1	2	6	0.333	3	6	9	10	1	0	7	2	22	12.7	8
23	23	12/5/2017	29-023	OKC		UTA	W (+6)	1	38:15:00	12	25	0.48	2	9	0.222	8	9	0.889	0	12	12	14	1	1	7	3	34	27.8	4
24	24	12/7/2017	29-025	OKC	@	BRK	L (-5)	1	35:33:00	10	27	0.37	2	6	0.333	9	12	0.75	0	8	8	6	0	0	3	4	31	16.9	-9
25	25	12/9/2017	29-027	OKC	@	MEM	W (+1)	1	43:06:00	7	29	0.241	1	12	0.083	5	8	0.625	3	8	11	14	1	0	3	5	20	11.6	11
26	26	12/11/2017	29-029	OKC		CHO	L (-13)	1	36:11:00	10	22	0.455	1	2	0.5	9	9	1	1	3	4	7	3	0	2	3	30	24.9	-12
27	27	12/13/2017	29-031	OKC	@	IND	W (+5)	1	36:02:00	3	17	0.176	1	3	0.333	3	7	0.429	3	14	17	12	2	0	5	0	10	9.4	2
28	28	12/15/2017	29-033	OKC	@	PHI	W (+2)	1	52:08:00	10	33	0.303	2	5	0.4	5	12	0.417	5	12	17	15	2	0	6	1	27	18.3	-4
29	29	12/16/2017	29-034	OKC	@	NYK	L (-15)	1	35:35:00	9	18	0.5	0	3	0	7	10	0.7	2	5	7	7	2	0	4	3	25	19.4	-4
30	30	12/18/2017	29-036	OKC		DEN	W (+1)	1	36:46:00	16	28	0.571	1	3	0.333	5	7	0.714	2	7	9	6	3	1	3	2	38	31.6	13
31	31	12/20/2017	29-038	OKC		UTA	W (+28)	1	27:29:00	10	13	0.769	0	0		4	4	1	4	6	10	7	4	0	1	2	24	30.6	36
32	32	12/22/2017	29-040	OKC		ATL	W (+3)	1	35:32:00	12	17	0.706	1	2	0.5	5	5	1	1	6	7	15	2	1	3	0	30	35.6	6
33	33	12/23/2017	29-041	OKC	@	UTA	W (+14)	1	38:12:00	11	24	0.458	2	3	0.667	3	4	0.75	2	8	10	10	1	1	2	3	27	23.5	12
34	34	12/25/2017	29-043	OKC		HOU	W (+5)	1	36:56:00	12	24	0.5	0	1	0	7	8	0.875	0	6	6	11	3	0	5	3	31	24.9	11
35	35	12/27/2017	29-045	OKC		TOR	W (+17)	1	35:29:00	11	22	0.5	0	1	0	8	10	0.8	2	6	8	13	2	0	7	1	30	25.1	26
36	36	12/29/2017	29-047	OKC		MIL	L (-2)	1	40:02:00	16	34	0.471	2	9	0.222	6	9	0.667	3	11	14	9	1	0	5	4	40	27.5	0
37	37	12/31/2017	29-049	OKC		DAL	L (-3)	1	36:45:00	17	28	0.607	0	4	0	4	7	0.571	1	14	15	11	1	0	2	2	38	34.8	0
38	38	1/3/2018	29-052	OKC	@	LAL	W (+37)	1	27:58:00	10	17	0.588	0	0		0	0		0	6	6	12	1	0	2	0	20	21.3	26
39	39	1/4/2018	29-053	OKC	@	LAC	W (+10)	1	38:05:00	11	24	0.458	2	2	1	5	6	0.833	2	10	12	11	1	0	6	3	29	22.1	6
40	40	1/7/2018	29-056	OKC	@	PHO	L (-14)	1	33:43:00	11	21	0.524	1	1	1	3	7	0.429	3	7	10	11	2	0	6	2	26	21.2	-10
41	41	1/9/2018	29-058	OKC		POR	L (-11)	1	35:10:00	7	20	0.35	1	3	0.333	7	10	0.7	2	7	9	12	3	2	6	1	22	19.5	-13
42	42	1/10/2018	29-059	OKC	@	MIN	L (-16)	1	35:25:00	15	23	0.652	1	2	0.5	7	9	0.778	2	8	10	5	4	0	4	0	38	34.4	-13
43	43	1/13/2018	29-062	OKC	@	CHO	W (+10)	1	36:34:00	10	27	0.37	0	3	0	5	7	0.714	2	8	10	7	2	1	3	1	25	17.3	5
